3,2
3,1
3,3
10,15
10,149
10,287
10,121
10,285
10,71
10,273
10,2
11,9
11,23
11,8
11,19
11,18
11,4
11,25
9,5
9,1
9,7
9,2
9,3
8,10
8,15
8,5
8,7
8,1
8,14
8,2
8,3
111,5
111,4
111,3
111,2
111,1
111,0
105,4
105,3
105,2
105,1
105,0
104,3
104,2
104,1
104,0
94,3
94,1
20,3
20,2
20,1
19,3
19,2
19,1
12,3
12,2
12,1
11,28
11,27
11,26
11,24
11,22
11,21
11,20
11,13
11,12
11,10
11,7
11,5
11,3
11,2
11,1
10,289
10,253
18,1
10,243
18,3
10,233
10,229
14,1
10,219
14,3
10,217
13,1
10,207
13,3
10,195
10,189
10,169
10,167
10,147
10,139
10,113
10,101
10,87
10,79
